Pos	Blue	Green	Red
  0	0	0	0
  1	0	0	0
  2	0	0	0
  3	2	0	0
  4	13	0	0
  5	17	0	0
  6	40	0	0
  7	85	0	0
  8	132	0	0
  9	144	0	0
 10	245	0	0
 11	284	0	0
 12	323	0	0
 13	358	0	0
 14	478	0	0
 15	572	0	0
 16	668	0	0
 17	890	0	0
 18	1142	0	0
 19	1323	0	0
 20	1765	0	0
 21	2284	0	0
 22	2994	0	0
 23	3629	0	0
 24	4851	0	0
 25	6551	0	0
 26	7728	0	0
 27	9010	0	0
 28	11306	0	0
 29	13906	0	0
 30	18528	0	0
 31	23205	0	0
 32	28537	0	2
 33	34619	0	49
 34	43302	0	97
 35	53384	0	128
 36	66211	0	199
 37	82765	0	304
 38	103755	0	401
 39	129753	0	592
 40	158383	0	867
 41	191461	23	1772
 42	237699	47	2778
 43	288198	236	6146
 44	355158	412	15301
 45	442010	985	37910
 46	540894	3395	82613
 47	653820	8238	149278
 48	774818	22675	243117
 49	894045	60055	364272
 50	1013501	175153	500694
 51	1136219	566340	666224
 52	1258745	1734693	860410
 53	1397368	4589279	1050615
 54	1550641	9674853	1204063
 55	1749199	15971461	1286934
 56	1947289	21888423	1337445
 57	2161598	26495718	1364213
 58	2357491	29571534	1378236
 59	2495471	29792206	1365445
 60	2582822	26459765	1331534
 61	2591871	20619474	1286542
 62	2619188	14024183	1250295
 63	2618818	8192011	1215687
 64	2614171	4509851	1178251
 65	2626705	2745099	1135164
 66	2671433	2010567	1104033
 67	2802699	1719493	1091578
 68	3175239	1573907	1064930
 69	3988481	1477601	1044748
 70	5517943	1387484	1041195
 71	8065340	1334538	1025814
 72	11205998	1289832	998185
 73	14253984	1228998	981622
 74	16969170	1201998	975388
 75	20026510	1179736	977522
 76	23124846	1153663	985377
 77	25088293	1124550	984428
 78	24494839	1099133	981751
 79	21447932	1087365	988364
 80	16840887	1089306	971873
 81	12190104	1106652	971563
 82	8355914	1111215	965379
 83	5463009	1112973	964985
 84	3695267	1115272	964087
 85	2645299	1113586	952491
 86	2042546	1108829	944131
 87	1646106	1094421	944819
 88	1374056	1078657	939912
 89	1190753	1064773	946712
 90	1058284	1056803	952279
 91	956611	1049924	941385
 92	870825	1033896	936166
 93	804209	1011748	934992
 94	745476	993538	936291
 95	686433	974035	935338
 96	640545	953292	940277
 97	603115	953705	940587
 98	570217	947533	932553
 99	544540	942436	926077
100	521662	946136	930868
101	500904	956661	932134
102	478143	959241	924082
103	459587	956733	924380
104	447342	949904	921044
105	436603	938094	909000
106	422110	928603	909493
107	411471	923305	905878
108	400148	920161	893847
109	387438	915559	873548
110	373011	911758	863127
111	364427	907503	848890
112	352617	905033	834841
113	340316	901567	821398
114	330338	892826	809200
115	323994	884637	796352
116	314656	874481	788262
117	307129	864034	775154
118	299347	847546	761485
119	288953	839031	749169
120	283992	830022	741799
121	279563	817807	733664
122	274670	799323	723972
123	270010	791469	719923
124	265638	782794	708743
125	258761	770259	702202
126	253817	755975	692773
127	247615	741398	681880
128	243720	719797	669327
129	237194	694132	659322
130	233360	676917	648923
131	230932	659384	640373
132	226108	638488	633900
133	219249	626459	626289
134	213898	615587	621086
135	209876	608226	616513
136	206934	597460	611765
137	204899	579407	602353
138	201604	566562	593126
139	199124	551304	582057
140	195423	540388	576113
141	192587	526214	570615
142	188759	516874	568198
143	187172	507370	569739
144	183312	493770	575177
145	182333	482035	582776
146	180389	469756	592015
147	178026	462614	604335
148	177269	452588	647404
149	176469	441325	765315
150	175632	429929	1030406
151	175428	417453	1548173
152	176678	402388	2427811
153	174748	392264	3857347
154	173247	385896	6043789
155	174312	374668	8795267
156	175793	366697	11915997
157	178491	359359	14804927
158	181038	354891	17099378
159	183827	347649	19540806
160	189726	338922	22013686
161	198608	332451	22973926
162	208294	333645	22179588
163	222601	334031	19399413
164	246269	334375	15378506
165	273624	336010	11006109
166	302068	341930	6789125
167	344653	353100	3693937
168	398907	370991	1956622
169	480119	393458	1145975
170	596242	436070	873986
171	723083	512674	850224
172	886300	665462	961327
173	1076857	897564	1160872
174	1278565	1214742	1441690
175	1464368	1592916	1714987
176	1507867	1801717	1869910
177	1465974	1814827	1929747
178	1516544	1827326	2053339
179	1668203	1977516	2316003
180	2030511	2345454	2712816
181	2433664	2757193	3173034
182	2707543	3065905	3550509
183	2986242	3293445	3990446
184	3361591	3488162	4653483
185	3828566	3684645	5304604
186	4579742	4263362	5870125
187	5417146	5142917	6089134
188	5804217	5792518	5543978
189	5416532	5985231	4240094
190	4002482	5203879	2859639
191	2493120	3400980	1908689
192	1459614	1685641	1414190
193	886454	748009	966655
194	572048	382459	695604
195	373943	257956	568109
196	263130	209848	648936
197	209210	185524	808799
198	178270	168314	1077907
199	163166	158660	1113806
200	149823	150899	878336
201	139517	143043	955178
202	127072	138406	1330138
203	117267	129996	1820906
204	109937	126020	1452719
205	103480	121208	1012134
206	100215	119195	810575
207	100024	116604	779402
208	99440	115679	841810
209	98617	116219	1162007
210	100979	118683	1996786
211	102866	122466	2389399
212	105271	123790	1827852
213	104085	122066	1327261
214	102674	121915	833137
215	100858	122021	796403
216	96084	123303	720415
217	93772	127099	602037
218	91532	136390	327753
219	87785	167146	265944
220	83555	254073	315424
221	78748	366233	463186
222	75131	463377	504772
223	73001	656673	623115
224	70781	1123714	1339677
225	71091	1619901	2126377
226	70545	1744206	1980916
227	69305	1893512	1647926
228	68865	2003815	1571122
229	69589	2461331	2233112
230	69714	2816104	4325138
231	69704	3551717	6682473
232	70028	3671775	6548163
233	69831	2840196	4049742
234	69854	1540510	2714772
235	71449	934025	2933037
236	71358	929825	3784973
237	72198	1880507	3839825
238	72869	3256086	3092974
239	72652	4315650	3235299
240	73028	6100338	2152983
241	74753	7356152	2443233
242	76542	6640032	3693475
243	80481	3956680	2974502
244	88633	3459223	2290377
245	126129	5796520	1203301
246	407026	7956175	652105
247	2010606	7681349	1087499
248	5399455	6596198	596312
249	9329526	4660445	386770
250	13717179	1212470	137054
251	16209576	151574	18262
252	13005372	45439	7084
253	6419568	36809	9205
254	3964559	42667	17057
255	30178560	85443	36897
