Pos	Blue	Green	Red
  0	0	0	0
  1	0	0	0
  2	0	0	0
  3	200	0	0
  4	1300	0	0
  5	1700	0	0
  6	4000	0	0
  7	8500	0	0
  8	13200	0	0
  9	14400	0	0
 10	24500	0	0
 11	28400	0	0
 12	32300	0	0
 13	35800	0	0
 14	47800	0	0
 15	57200	0	0
 16	66800	0	0
 17	89000	0	0
 18	114200	0	0
 19	132300	0	0
 20	176500	0	0
 21	228400	0	0
 22	299400	0	0
 23	362900	0	0
 24	485100	0	0
 25	655100	0	0
 26	772800	0	0
 27	901000	0	0
 28	1130600	0	0
 29	1390600	0	0
 30	1852800	0	0
 31	2320500	0	0
 32	2853700	0	200
 33	3461900	0	4900
 34	4330200	0	9700
 35	5338400	0	12800
 36	6621100	0	19900
 37	8276500	0	30400
 38	10375500	0	40100
 39	12975300	0	59200
 40	15838300	0	86700
 41	19146100	2300	177200
 42	23769900	4700	277800
 43	28819800	23600	614600
 44	35515800	41200	1530100
 45	44201000	98500	3791000
 46	54089400	339500	8261300
 47	65382000	823800	14927800
 48	77481800	2267500	24311700
 49	89404500	6005500	36427200
 50	101350100	17515300	50069400
 51	113621900	56634000	66622400
 52	125874500	173469300	86041000
 53	139736800	458927900	105061500
 54	155064100	967485300	120406300
 55	174919900	1597146100	128693400
 56	194728900	2188842300	133744500
 57	216159800	2649571800	136421300
 58	235749100	2957153400	137823600
 59	249547100	2979220600	136544500
 60	258282200	2645976500	133153400
 61	259187100	2061947400	128654200
 62	261918800	1402418300	125029500
 63	261881800	819201100	121568700
 64	261417100	450985100	117825100
 65	262670500	274509900	113516400
 66	267143300	201056700	110403300
 67	280269900	171949300	109157800
 68	317523900	157390700	106493000
 69	398848100	147760100	104474800
 70	551794300	138748400	104119500
 71	806534000	133453800	102581400
 72	1120599800	128983200	99818500
 73	1425398400	122899800	98162200
 74	1696917000	120199800	97538800
 75	2002651000	117973600	97752200
 76	2312484600	115366300	98537700
 77	2508829300	112455000	98442800
 78	2449483900	109913300	98175100
 79	2144793200	108736500	98836400
 80	1684088700	108930600	97187300
 81	1219010400	110665200	97156300
 82	835591400	111121500	96537900
 83	546300900	111297300	96498500
 84	369526700	111527200	96408700
 85	264529900	111358600	95249100
 86	204254600	110882900	94413100
 87	164610600	109442100	94481900
 88	137405600	107865700	93991200
 89	119075300	106477300	94671200
 90	105828400	105680300	95227900
 91	95661100	104992400	94138500
 92	87082500	103389600	93616600
 93	80420900	101174800	93499200
 94	74547600	99353800	93629100
 95	68643300	97403500	93533800
 96	64054500	95329200	94027700
 97	60311500	95370500	94058700
 98	57021700	94753300	93255300
 99	54454000	94243600	92607700
100	52166200	94613600	93086800
101	50090400	95666100	93213400
102	47814300	95924100	92408200
103	45958700	95673300	92438000
104	44734200	94990400	92104400
105	43660300	93809400	90900000
106	42211000	92860300	90949300
107	41147100	92330500	90587800
108	40014800	92016100	89384700
109	38743800	91555900	87354800
110	37301100	91175800	86312700
111	36442700	90750300	84889000
112	35261700	90503300	83484100
113	34031600	90156700	82139800
114	33033800	89282600	80920000
115	32399400	88463700	79635200
116	31465600	87448100	78826200
117	30712900	86403400	77515400
118	29934700	84754600	76148500
119	28895300	83903100	74916900
120	28399200	83002200	74179900
121	27956300	81780700	73366400
122	27467000	79932300	72397200
123	27001000	79146900	71992300
124	26563800	78279400	70874300
125	25876100	77025900	70220200
126	25381700	75597500	69277300
127	24761500	74139800	68188000
128	24372000	71979700	66932700
129	23719400	69413200	65932200
130	23336000	67691700	64892300
131	23093200	65938400	64037300
132	22610800	63848800	63390000
133	21924900	62645900	62628900
134	21389800	61558700	62108600
135	20987600	60822600	61651300
136	20693400	59746000	61176500
137	20489900	57940700	60235300
138	20160400	56656200	59312600
139	19912400	55130400	58205700
140	19542300	54038800	57611300
141	19258700	52621400	57061500
142	18875900	51687400	56819800
143	18717200	50737000	56973900
144	18331200	49377000	57517700
145	18233300	48203500	58277600
146	18038900	46975600	59201500
147	17802600	46261400	60433500
148	17726900	45258800	64740400
149	17646900	44132500	76531500
150	17563200	42992900	103040600
151	17542800	41745300	154817300
152	17667800	40238800	242781100
153	17474800	39226400	385734700
154	17324700	38589600	604378900
155	17431200	37466800	879526700
156	17579300	36669700	1191599700
157	17849100	35935900	1480492700
158	18103800	35489100	1709937800
159	18382700	34764900	1954080600
160	18972600	33892200	2201368600
161	19860800	33245100	2297392600
162	20829400	33364500	2217958800
163	22260100	33403100	1939941300
164	24626900	33437500	1537850600
165	27362400	33601000	1100610900
166	30206800	34193000	678912500
167	34465300	35310000	369393700
168	39890700	37099100	195662200
169	48011900	39345800	114597500
170	59624200	43607000	87398600
171	72308300	51267400	85022400
172	88630000	66546200	96132700
173	107685700	89756400	116087200
174	127856500	121474200	144169000
175	146436800	159291600	171498700
176	150786700	180171700	186991000
177	146597400	181482700	192974700
178	151654400	182732600	205333900
179	166820300	197751600	231600300
180	203051100	234545400	271281600
181	243366400	275719300	317303400
182	270754300	306590500	355050900
183	298624200	329344500	399044600
184	336159100	348816200	465348300
185	382856600	368464500	530460400
186	457974200	426336200	587012500
187	541714600	514291700	608913400
188	580421700	579251800	554397800
189	541653200	598523100	424009400
190	400248200	520387900	285963900
191	249312000	340098000	190868900
192	145961400	168564100	141419000
193	88645400	74800900	96665500
194	57204800	38245900	69560400
195	37394300	25795600	56810900
196	26313000	20984800	64893600
197	20921000	18552400	80879900
198	17827000	16831400	107790700
199	16316600	15866000	111380600
200	14982300	15089900	87833600
201	13951700	14304300	95517800
202	12707200	13840600	133013800
203	11726700	12999600	182090600
204	10993700	12602000	145271900
205	10348000	12120800	101213400
206	10021500	11919500	81057500
207	10002400	11660400	77940200
208	9944000	11567900	84181000
209	9861700	11621900	116200700
210	10097900	11868300	199678600
211	10286600	12246600	238939900
212	10527100	12379000	182785200
213	10408500	12206600	132726100
214	10267400	12191500	83313700
215	10085800	12202100	79640300
216	9608400	12330300	72041500
217	9377200	12709900	60203700
218	9153200	13639000	32775300
219	8778500	16714600	26594400
220	8355500	25407300	31542400
221	7874800	36623300	46318600
222	7513100	46337700	50477200
223	7300100	65667300	62311500
224	7078100	112371400	133967700
225	7109100	161990100	212637700
226	7054500	174420600	198091600
227	6930500	189351200	164792600
228	6886500	200381500	157112200
229	6958900	246133100	223311200
230	6971400	281610400	432513800
231	6970400	355171700	668247300
232	7002800	367177500	654816300
233	6983100	284019600	404974200
234	6985400	154051000	271477200
235	7144900	93402500	293303700
236	7135800	92982500	378497300
237	7219800	188050700	383982500
238	7286900	325608600	309297400
239	7265200	431565000	323529900
240	7302800	610033800	215298300
241	7475300	735615200	244323300
242	7654200	664003200	369347500
243	8048100	395668000	297450200
244	8863300	345922300	229037700
245	12612900	579652000	120330100
246	40702600	795617500	65210500
247	201060600	768134900	108749900
248	539945500	659619800	59631200
249	932952600	466044500	38677000
250	1371717900	121247000	13705400
251	1620957600	15157400	1826200
252	1300537200	4543900	708400
253	641956800	3680900	920500
254	396455900	4266700	1705700
255	3017856000	8544300	3689700
