Pos	Blue	Green	Red
  0	0	0	0
  1	0	0	0
  2	0	0	0
  3	20	0	0
  4	130	0	0
  5	170	0	0
  6	400	0	0
  7	850	0	0
  8	1320	0	0
  9	1440	0	0
 10	2450	0	0
 11	2840	0	0
 12	3230	0	0
 13	3580	0	0
 14	4780	0	0
 15	5720	0	0
 16	6680	0	0
 17	8900	0	0
 18	11420	0	0
 19	13230	0	0
 20	17650	0	0
 21	22840	0	0
 22	29940	0	0
 23	36290	0	0
 24	48510	0	0
 25	65510	0	0
 26	77280	0	0
 27	90100	0	0
 28	113060	0	0
 29	139060	0	0
 30	185280	0	0
 31	232050	0	0
 32	285370	0	20
 33	346190	0	490
 34	433020	0	970
 35	533840	0	1280
 36	662110	0	1990
 37	827650	0	3040
 38	1037550	0	4010
 39	1297530	0	5920
 40	1583830	0	8670
 41	1914610	230	17720
 42	2376990	470	27780
 43	2881980	2360	61460
 44	3551580	4120	153010
 45	4420100	9850	379100
 46	5408940	33950	826130
 47	6538200	82380	1492780
 48	7748180	226750	2431170
 49	8940450	600550	3642720
 50	10135010	1751530	5006940
 51	11362190	5663400	6662240
 52	12587450	17346930	8604100
 53	13973680	45892790	10506150
 54	15506410	96748530	12040630
 55	17491990	159714610	12869340
 56	19472890	218884230	13374450
 57	21615980	264957180	13642130
 58	23574910	295715340	13782360
 59	24954710	297922060	13654450
 60	25828220	264597650	13315340
 61	25918710	206194740	12865420
 62	26191880	140241830	12502950
 63	26188180	81920110	12156870
 64	26141710	45098510	11782510
 65	26267050	27450990	11351640
 66	26714330	20105670	11040330
 67	28026990	17194930	10915780
 68	31752390	15739070	10649300
 69	39884810	14776010	10447480
 70	55179430	13874840	10411950
 71	80653400	13345380	10258140
 72	112059980	12898320	9981850
 73	142539840	12289980	9816220
 74	169691700	12019980	9753880
 75	200265100	11797360	9775220
 76	231248460	11536630	9853770
 77	250882930	11245500	9844280
 78	244948390	10991330	9817510
 79	214479320	10873650	9883640
 80	168408870	10893060	9718730
 81	121901040	11066520	9715630
 82	83559140	11112150	9653790
 83	54630090	11129730	9649850
 84	36952670	11152720	9640870
 85	26452990	11135860	9524910
 86	20425460	11088290	9441310
 87	16461060	10944210	9448190
 88	13740560	10786570	9399120
 89	11907530	10647730	9467120
 90	10582840	10568030	9522790
 91	9566110	10499240	9413850
 92	8708250	10338960	9361660
 93	8042090	10117480	9349920
 94	7454760	9935380	9362910
 95	6864330	9740350	9353380
 96	6405450	9532920	9402770
 97	6031150	9537050	9405870
 98	5702170	9475330	9325530
 99	5445400	9424360	9260770
100	5216620	9461360	9308680
101	5009040	9566610	9321340
102	4781430	9592410	9240820
103	4595870	9567330	9243800
104	4473420	9499040	9210440
105	4366030	9380940	9090000
106	4221100	9286030	9094930
107	4114710	9233050	9058780
108	4001480	9201610	8938470
109	3874380	9155590	8735480
110	3730110	9117580	8631270
111	3644270	9075030	8488900
112	3526170	9050330	8348410
113	3403160	9015670	8213980
114	3303380	8928260	8092000
115	3239940	8846370	7963520
116	3146560	8744810	7882620
117	3071290	8640340	7751540
118	2993470	8475460	7614850
119	2889530	8390310	7491690
120	2839920	8300220	7417990
121	2795630	8178070	7336640
122	2746700	7993230	7239720
123	2700100	7914690	7199230
124	2656380	7827940	7087430
125	2587610	7702590	7022020
126	2538170	7559750	6927730
127	2476150	7413980	6818800
128	2437200	7197970	6693270
129	2371940	6941320	6593220
130	2333600	6769170	6489230
131	2309320	6593840	6403730
132	2261080	6384880	6339000
133	2192490	6264590	6262890
134	2138980	6155870	6210860
135	2098760	6082260	6165130
136	2069340	5974600	6117650
137	2048990	5794070	6023530
138	2016040	5665620	5931260
139	1991240	5513040	5820570
140	1954230	5403880	5761130
141	1925870	5262140	5706150
142	1887590	5168740	5681980
143	1871720	5073700	5697390
144	1833120	4937700	5751770
145	1823330	4820350	5827760
146	1803890	4697560	5920150
147	1780260	4626140	6043350
148	1772690	4525880	6474040
149	1764690	4413250	7653150
150	1756320	4299290	10304060
151	1754280	4174530	15481730
152	1766780	4023880	24278110
153	1747480	3922640	38573470
154	1732470	3858960	60437890
155	1743120	3746680	87952670
156	1757930	3666970	119159970
157	1784910	3593590	148049270
158	1810380	3548910	170993780
159	1838270	3476490	195408060
160	1897260	3389220	220136860
161	1986080	3324510	229739260
162	2082940	3336450	221795880
163	2226010	3340310	193994130
164	2462690	3343750	153785060
165	2736240	3360100	110061090
166	3020680	3419300	67891250
167	3446530	3531000	36939370
168	3989070	3709910	19566220
169	4801190	3934580	11459750
170	5962420	4360700	8739860
171	7230830	5126740	8502240
172	8863000	6654620	9613270
173	10768570	8975640	11608720
174	12785650	12147420	14416900
175	14643680	15929160	17149870
176	15078670	18017170	18699100
177	14659740	18148270	19297470
178	15165440	18273260	20533390
179	16682030	19775160	23160030
180	20305110	23454540	27128160
181	24336640	27571930	31730340
182	27075430	30659050	35505090
183	29862420	32934450	39904460
184	33615910	34881620	46534830
185	38285660	36846450	53046040
186	45797420	42633620	58701250
187	54171460	51429170	60891340
188	58042170	57925180	55439780
189	54165320	59852310	42400940
190	40024820	52038790	28596390
191	24931200	34009800	19086890
192	14596140	16856410	14141900
193	8864540	7480090	9666550
194	5720480	3824590	6956040
195	3739430	2579560	5681090
196	2631300	2098480	6489360
197	2092100	1855240	8087990
198	1782700	1683140	10779070
199	1631660	1586600	11138060
200	1498230	1508990	8783360
201	1395170	1430430	9551780
202	1270720	1384060	13301380
203	1172670	1299960	18209060
204	1099370	1260200	14527190
205	1034800	1212080	10121340
206	1002150	1191950	8105750
207	1000240	1166040	7794020
208	994400	1156790	8418100
209	986170	1162190	11620070
210	1009790	1186830	19967860
211	1028660	1224660	23893990
212	1052710	1237900	18278520
213	1040850	1220660	13272610
214	1026740	1219150	8331370
215	1008580	1220210	7964030
216	960840	1233030	7204150
217	937720	1270990	6020370
218	915320	1363900	3277530
219	877850	1671460	2659440
220	835550	2540730	3154240
221	787480	3662330	4631860
222	751310	4633770	5047720
223	730010	6566730	6231150
224	707810	11237140	13396770
225	710910	16199010	21263770
226	705450	17442060	19809160
227	693050	18935120	16479260
228	688650	20038150	15711220
229	695890	24613310	22331120
230	697140	28161040	43251380
231	697040	35517170	66824730
232	700280	36717750	65481630
233	698310	28401960	40497420
234	698540	15405100	27147720
235	714490	9340250	29330370
236	713580	9298250	37849730
237	721980	18805070	38398250
238	728690	32560860	30929740
239	726520	43156500	32352990
240	730280	61003380	21529830
241	747530	73561520	24432330
242	765420	66400320	36934750
243	804810	39566800	29745020
244	886330	34592230	22903770
245	1261290	57965200	12033010
246	4070260	79561750	6521050
247	20106060	76813490	10874990
248	53994550	65961980	5963120
249	93295260	46604450	3867700
250	137171790	12124700	1370540
251	162095760	1515740	182620
252	130053720	454390	70840
253	64195680	368090	92050
254	39645590	426670	170570
255	301785600	854430	368970
